183
196
153
117
135
100
102
185
132
129
133
119
153
172
157
128
135
198
108
113
140
153
125
128
107
128
149
123
112
120
147
162
184
130
138
190
197
126
139
112
109
156
119
137
155
182
175
154
188
146
199
119
185
147
195
170
178
155
139
116
188
188
180
148
154
114
177
172
159
185
118
172
147
177
121
103
192
193
180
193
139
170
131
150
147
198
138
126
147
161
146
123
193
199
106
155
156
150
131
117
153
141
165
156
129
162
158
126
190
127
185
196
184
180
119
120
145
124
130
112
101
164
156
177
153
195
191
159
144
181
120
164
171
190
132
165
103
192
163
170
173
155
178
195
198
143
138
149
161
147
156
192
160
125
175
184
1000334
1000214
153
141
182
133
148
168
184
192
189
171
191
106
104
141
191
133
185
135
107
167
129
162
142
104
153
107
169
153
109
132
141
146
134
150
174
114
183
133
124
100
134
157
180
119
